1053
1063
1166
1269
1273
1363
1367
1563
1675
1738
1742
1743
1748
1751
1753
1779
1795
2078
2164
2168
2172
2276
2280
3363
3454
3491
3505
3591
3690
3694
3698
3756
3757
3758
3777
3778
3779
3861
4029
4224
4272
4286
4319
4512
4552
4591
4622
4623
4624
4653
4654
4655
4688
4689
4690
4722
4723
4724
4757
4761
4765
476
4788
4849
4882
4925
5026
5181
5195
5399
5543
5670
5671
5704
5705
5737
5738
5879
5919
6147
6329
6353
6358
6390
6414
641
6433
6438
6460
671
6754
6785
6792
6816
6823
6846
6874
687
6881
6902
6909
6929
6954
6961
6986
775
791
875
